10000	-20.0000	0.3976
10000	-19.0000	0.3662
10000	-18.0000	0.3514
10000	-17.0000	0.3225
10000	-16.0000	0.3078
10000	-15.0000	0.2835
10000	-14.0000	0.2619
10000	-13.0000	0.2393
10000	-12.0000	0.2228
10000	-11.0000	0.2038
10000	-10.0000	0.1794
10000	-9.0000	0.1618
10000	-8.0000	0.1346
10000	-7.0000	0.1215
10000	-6.0000	0.1030
10000	-5.0000	0.0835
10000	-4.0000	0.0745
10000	-3.0000	0.0643
10000	-2.0000	0.0658
10000	-1.0000	0.0432
10000	0.0000	0.0505
10000	1.0000	0.0599
10000	2.0000	0.0684
10000	3.0000	0.0637
10000	4.0000	0.0714
10000	5.0000	0.0761
10000	6.0000	0.0950
10000	7.0000	0.1083
10000	8.0000	0.1097
10000	9.0000	0.1225
10000	10.0000	0.1443
10000	11.0000	0.1520
10000	12.0000	0.1790
10000	13.0000	0.2145
10000	14.0000	0.2266
10000	15.0000	0.2372
10000	16.0000	0.2638
10000	17.0000	0.2865
10000	18.0000	0.3001
10000	19.0000	0.3198
10000	20.0000	0.3300
10000	21.0000	0.3642
10000	22.0000	0.3895
20000	-20.0000	0.4277
20000	-19.0000	0.4015
20000	-18.0000	0.3731
20000	-17.0000	0.3463
20000	-16.0000	0.3212
20000	-15.0000	0.3002
20000	-14.0000	0.2767
20000	-13.0000	0.2553
20000	-12.0000	0.2385
20000	-11.0000	0.2181
20000	-10.0000	0.2005
20000	-9.0000	0.1736
20000	-8.0000	0.1314
20000	-7.0000	0.1088
20000	-6.0000	0.0982
20000	-5.0000	0.0807
20000	-4.0000	0.0698
20000	-3.0000	0.0629
20000	-2.0000	0.0590
20000	-1.0000	0.0516
20000	0.0000	0.0504
20000	1.0000	0.0483
20000	2.0000	0.0519
20000	3.0000	0.0533
20000	4.0000	0.0563
20000	5.0000	0.0525
20000	6.0000	0.0575
20000	7.0000	0.0649
20000	8.0000	0.0774
20000	9.0000	0.0921
20000	10.0000	0.1049
20000	11.0000	0.1275
20000	12.0000	0.1806
20000	13.0000	0.2038
20000	14.0000	0.2206
20000	15.0000	0.2373
20000	16.0000	0.2534
20000	17.0000	0.2835
20000	18.0000	0.2990
20000	19.0000	0.3169
20000	20.0000	0.3445
20000	21.0000	0.3690
20000	22.0000	0.3894
30000	-20.0000	0.4134
30000	-19.0000	0.3769
30000	-18.0000	0.3622
30000	-17.0000	0.3351
30000	-16.0000	0.3080
30000	-15.0000	0.2912
30000	-14.0000	0.2749
30000	-13.0000	0.2555
30000	-12.0000	0.2342
30000	-11.0000	0.2159
30000	-10.0000	0.1885
30000	-9.0000	0.1305
30000	-8.0000	0.1033
30000	-7.0000	0.0854
30000	-6.0000	0.0718
30000	-5.0000	0.0652
30000	-4.0000	0.0594
30000	-3.0000	0.0550
30000	-2.0000	0.0495
30000	-1.0000	0.0439
30000	0.0000	0.0377
30000	1.0000	0.0333
30000	2.0000	0.0342
30000	3.0000	0.0375
30000	4.0000	0.0366
30000	5.0000	0.0384
30000	6.0000	0.0440
30000	7.0000	0.0508
30000	8.0000	0.0622
30000	9.0000	0.0663
30000	10.0000	0.0784
30000	11.0000	0.0976
30000	12.0000	0.1581
30000	13.0000	0.1909
30000	14.0000	0.2117
30000	15.0000	0.2322
30000	16.0000	0.2477
30000	17.0000	0.2664
30000	18.0000	0.2886
30000	19.0000	0.3093
30000	20.0000	0.3343
30000	21.0000	0.3566
30000	22.0000	0.3850
40000	-20.0000	0.3827
40000	-19.0000	0.3568
40000	-18.0000	0.3343
40000	-17.0000	0.3097
40000	-16.0000	0.2909
40000	-15.0000	0.2801
40000	-14.0000	0.2596
40000	-13.0000	0.2471
40000	-12.0000	0.2258
40000	-11.0000	0.2020
40000	-10.0000	0.1543
40000	-9.0000	0.0987
40000	-8.0000	0.0831
40000	-7.0000	0.0714
40000	-6.0000	0.0619
40000	-5.0000	0.0543
40000	-4.0000	0.0479
40000	-3.0000	0.0430
40000	-2.0000	0.0386
40000	-1.0000	0.0346
40000	0.0000	0.0314
40000	1.0000	0.0301
40000	2.0000	0.0308
40000	3.0000	0.0299
40000	4.0000	0.0303
40000	5.0000	0.0352
40000	6.0000	0.0396
40000	7.0000	0.0459
40000	8.0000	0.0507
40000	9.0000	0.0575
40000	10.0000	0.0672
40000	11.0000	0.0779
40000	12.0000	0.0986
40000	13.0000	0.1829
40000	14.0000	0.2020
40000	15.0000	0.2299
40000	16.0000	0.2486
40000	17.0000	0.2593
40000	18.0000	0.2746
40000	19.0000	0.2957
40000	20.0000	0.3186
40000	21.0000	0.3354
40000	22.0000	0.3595
170000	-3.3518	0.0132
170000	-1.9284	0.0130
170000	-0.8004	0.0130
170000	0.8917	0.0129
170000	2.6106	0.0129
170000	4.2489	0.0129
170000	5.9140	0.0141
170000	6.8003	0.0164
170000	7.9284	0.0218
170000	8.3312	0.0252
170000	8.8147	0.0332
330000	-3.305719451	0.0096
330000	-1.66345498	0.0097
330000	0.005297627	0.0097
330000	1.621073961	0.0096
330000	3.395779115	0.0097
330000	5.223460543	0.0108
330000	6.65381992	0.0130
330000	7.580904702	0.0156
330000	8.349060664	0.0194
330000	8.746382714	0.0224
330000	9.01126408	0.0265
360000	-11.4886	0.0292
360000	-10.5429	0.0277
360000	-9.5972	0.0255
360000	-7.5306	0.0211
360000	-5.5692	0.0173
360000	-3.5377	0.0132
360000	-1.4361	0.0090
360000	0.5254	0.0081
360000	2.5219	0.0087
360000	4.448336252	0.011489899
360000	6.479859895	0.014530303
360000	8.441330998	0.017429293
360000	10.50788091	0.020080808
6000000	12.52623898	0.015878191
6000000	10.86856638	0.013069413
6000000	9.326210146	0.010919839
6000000	8.014486617	0.009558442
6000000	6.097352228	0.008197044
6000000	4.612654168	0.007251232
6000000	2.709934324	0.006434393
6000000	0.778385391	0.005975817
6000000	0.115316354	0.005961487
6000000	-2.436057983	0.006147783
6000000	-4.900945054	0.007236901
6000000	-7.409075757	0.009142857
6000000	-8.504581122	0.009830721
6000000	-10.39288642	0.011665025
6000000	-12.52623898	0.014645768
